[[ 922.35 2212.78    5.     35.2     0.      0.  ]
 [ 924.65 2208.89    4.51   30.57   -0.49   -4.63]
 [ 926.47 2205.19    4.13   26.23   -0.38   -4.34]
 [ 927.94 2201.64    3.83   22.43   -0.3    -3.8 ]
 [ 929.03 2198.35    3.47   18.33   -0.37   -4.1 ]
 [ 929.8  2195.34    3.11   14.46   -0.36   -3.86]
 [ 930.34 2192.53    2.86   10.76   -0.25   -3.7 ]
 [ 930.66 2189.86    2.69    7.01   -0.17   -3.75]
 [ 930.79 2187.32    2.55    2.76   -0.14   -4.25]
 [ 930.75 2184.87    2.45  359.05   -0.1    -3.71]
 [ 930.6  2182.56    2.32  356.42   -0.13   -2.62]
 [ 930.45 2180.46    2.11  355.84   -0.21   -0.58]
 [ 930.24 2178.8     1.67  352.92   -0.44   -2.92]
 [ 930.02 2177.66    1.17  348.98   -0.5    -3.94]
 [ 929.85 2177.04    0.64  344.65   -0.52   -4.32]
 [ 929.85 2177.05   -0.01  340.78   -0.66   -3.87]
 [ 930.12 2177.66   -0.66  336.7    -0.65   -4.08]
 [ 930.57 2178.62   -1.06  334.47   -0.4    -2.23]
 [ 931.14 2179.77   -1.28  333.91   -0.22   -0.56]
 [ 931.81 2181.1    -1.5   333.05   -0.22   -0.86]
 [ 932.48 2182.54   -1.59  335.13   -0.09    2.08]
 [ 933.41 2184.29   -1.98  332.08   -0.39   -3.05]
 [ 934.52 2186.26   -2.26  330.64   -0.28   -1.44]
 [ 935.69 2188.39   -2.43  331.25   -0.16    0.61]
 [ 936.97 2190.7    -2.64  330.91   -0.21   -0.34]
 [ 938.4  2193.17   -2.85  330.     -0.22   -0.91]
 [ 939.81 2195.73   -2.93  331.08   -0.07    1.07]
 [ 941.15 2198.41   -3.    333.51   -0.07    2.43]
 [ 942.46 2201.17   -3.05  334.59   -0.05    1.08]
 [ 943.7  2204.07   -3.16  336.84   -0.11    2.25]]
